	Sweden.IBD.101A	France.DC8	France.DC9	France.DC4	France.DC5	Nor.C16	France.DC7	Nor.C10	France.DC1	France.DC2	Finland.HC.19	Finland.HC.15	Finland.HC.14	Finland.HC.13	Finland.HC.12	Finland.HC.11	Finland.HC.10	California.HC1	RVC20	California.HC8	Nor.C14	Finland.HC.3	Leda.C25	Finland.HC.6	Leda.C21	Finland.HC.4	Nor.C17	AHD.83	AHD.82	Leda.C13	Leda.C85	Leda.C87	Leda.C81	Leda.A73	AHD.89	Leda.C82	Leda.C41	Nor.C12	California.HC12	Leda.A37	California.HC22	Leda.A33	Sweden.IBD.065A	California.HC21	California.HC27	California.HC24	California.HC25	California.HC28	California.HC14	Leda.A61	Leda.C73	Sweden.IBD.067A	Nor.C8	Nor.C9	Nor.C6	Nor.C7	Nor.C4	AHD.71	Nor.C2	Nor.C3	AHD.74	Nor.C1	Leda.C17	Leda.A13	California.HC7	Leda.C9	France.DC6	AHD.61	Leda.C1	Mel.TX.HC3	Mel.TX.HC2	Mel.TX.HC4	Mel.TX.HC7	Mel.TX.HC6	Mel.TX.HC9	Mel.TX.HC8	Leda.C53	Sweden.HC.23	Sweden.HC.21	Sweden.IBD.098A	AHD.51	Sweden.IBD.064A	Sweden.IBD.060A	Sweden.HC.16	Sweden.HC.17	Sweden.HC.12	Sweden.HC.13	Sweden.HC.11	Sweden.IBD.066A	Sweden.HC.19	AHD.43	Mel.TX.HC17	Mel.TX.HC16	Mel.TX.HC11	Mel.TX.HC10	Mel.TX.HC13	Leda.A5	RVC19	Sweden.HC.3	RVC15	RVC14	RVC10	Sweden.IBD.061A	RVC12	Sweden.IBD.100A	RVC.17	AHD.37	AHD.35	AHD.31	Leda.C49	California.HC18	RVC08	Sweden.IBD.062A	RVC06	RVC07	RVC05	California.HC17	RVC03	RVC01	California.HC13	California.HC20	Sweden.IBD.102A	Leda.A53	AHD.94	Sweden.IBD.099A	AHD.88	Mel.TX.HC15	Finland.HC.20	Finland.HC.21	France.DC16	France.DC17	France.DC15	France.DC12	France.DC13	France.DC10	France.DC11	Sweden.HC.4	Sweden.HC.6	Sweden.HC.7	Leda.A29	Sweden.HC.1	Sweden.HC.2	AHD.73	Leda.A25	Leda.A1	Leda.C37	Leda.A21	Sweden.HC.9	Leda.C33
Sweden.IBD.101A	0.0	0.729855459695	0.709775145817	0.702787725856	0.727730688754	0.702472460374	0.688193591498	0.691997749285	0.716700516355	0.766338586041	0.718077441426	0.676269507906	0.672685019783	0.670265965879	0.70980404459	0.69570016726	0.712985957446	0.706485267624	0.753701479073	0.708580380028	0.694646929936	0.622249408526	0.681338114115	0.664463720558	0.718510601335	0.694816856244	0.700874007514	0.700738862769	0.716506751688	0.679944138873	0.675278433965	0.671211156415	0.721442703646	0.736544104221	0.671616723556	0.672795656403	0.665932319884	0.693704338337	0.711805806965	0.759643204014	0.663446980799	0.710679800268	0.712936546486	0.851888061451	0.727649199254	0.68032223	0.686772334169	0.725003437192	0.692605791301	0.722314142191	0.728243468389	0.703525879721	0.724132531454	0.748677853823	0.710151656266	0.714112451965	0.742917772069	0.736354571932	0.720762544941	0.703263549763	0.655912558183	0.719290097712	0.671641188717	0.693341449347	0.672320635061	0.703030575683	0.647867621128	0.722065127459	0.694131379198	0.725927878101	0.729448524728	0.703770515557	0.71637554606	0.759533085446	0.685173129896	0.700550016535	0.75682019934	0.713324175548	0.676928365944	0.655113318442	0.672362263557	0.747197157101	0.697820411412	0.731543984484	0.706058114374	0.688907299586	0.721769525739	0.714512130355	0.71365418346	0.645272429048	0.697759288051	0.700932858991	0.676061980423	0.695189679459	0.679418173558	0.718471524412	0.758405295386	0.753977101025	0.710334233524	0.713847173604	0.705985603544	0.721353603082	0.729228977486	0.772793131657	0.599791551219	0.75445584477	0.64326553296	0.710264954353	0.62566639077	0.7909231173	0.729054777053	0.744512738571	0.717456905062	0.677998399605	0.717410914898	0.717554814162	0.683496113942	0.674695952018	0.749142945464	0.708190988427	0.746801570546	0.677066409662	0.714701939338	0.72454418988	0.652958223286	0.697073443787	0.693344581527	0.747290320841	0.731200224765	0.73989734002	0.684926828096	0.704359334739	0.712666229795	0.699275979717	0.677641820049	0.701028272503	0.718409051567	0.665930010852	0.709571724688	0.649857649326	0.706611618975	0.70174078309	0.679289488397	0.670248326584	0.749121455773	0.68055130536	0.7387332895	0.700701518956	0.713884855451
France.DC8	0.729855459695	0.0	0.609862195242	0.645867382156	0.693060280447	0.720829007036	0.63427159317	0.643324663647	0.717748151557	0.748209621589	0.808327394801	0.771152269335	0.726953085366	0.739951443792	0.768614654665	0.736792840188	0.723295776421	0.760868538835	0.724457670477	0.671848954737	0.727498008316	0.725211891527	0.764187662734	0.744147717535	0.783632687251	0.778035783667	0.768888371971	0.775053472154	0.768338616807	0.698975069454	0.749316538218	0.708005609998	0.691533945615	0.720192160252	0.721476988992	0.746899238127	0.746902393491	0.730958763439	0.71851120868	0.706859312657	0.762595470617	0.691808142499	0.772397006003	0.864696673383	0.804896139303	0.7891513918	0.749303568954	0.772784754801	0.76267928876	0.782911640054	0.757076179254	0.727515707204	0.654228968056	0.677500354032	0.71231791143	0.716949368263	0.61940417676	0.786318146244	0.699233053913	0.733396635889	0.752488122919	0.796002655846	0.710047860773	0.71176236873	0.74534319657	0.665539939054	0.686283499156	0.777267387094	0.750096895329	0.737319000981	0.777188627719	0.755497431621	0.752561772342	0.819286463939	0.765655581627	0.761737080161	0.791236074999	0.723583600558	0.748473921964	0.697233940352	0.765939919687	0.711210968118	0.696674056626	0.777122513732	0.740087807808	0.785817406425	0.771613642441	0.775625336989	0.759223052394	0.761176938317	0.764742779512	0.740031351651	0.749528277857	0.748639849689	0.728382917876	0.804465045002	0.708059356196	0.767047220831	0.792281954813	0.646692056027	0.781686360376	0.610931423611	0.703283496932	0.703690658045	0.708993951863	0.73482157579	0.739534812864	0.774526411975	0.765849197726	0.774158441266	0.737520447778	0.741414530126	0.766996612186	0.742311407162	0.690636369305	0.72249624132	0.78922479579	0.759263105597	0.693470320175	0.799684420954	0.782967778315	0.715132702146	0.690392086967	0.816727919425	0.599261262795	0.78970083624	0.779751978839	0.805704636972	0.750422167639	0.645094077712	0.78064319242	0.71348963432	0.683943726829	0.688284605007	0.779566846367	0.643257152622	0.767773227676	0.752729745848	0.785361280403	0.672697719274	0.76453231305	0.780246970982	0.771603444854	0.71543837103	0.67230856522	0.691928864569	0.728535920593	0.723839463707	0.782840058794
France.DC9	0.709775145817	0.609862195242	0.0	0.705993316757	0.661275451977	0.764179320798	0.664256085096	0.632036837761	0.729633258589	0.803173471982	0.807331096087	0.783755366343	0.700850014829	0.761399404744	0.797014427819	0.756615300207	0.79542926722	0.787407224263	0.709503537776	0.697643305673	0.710608478682	0.757958803132	0.809338897841	0.749096348047	0.807631128476	0.815923162064	0.786547405636	0.794475234403	0.793972088615	0.791418030863	0.744707014032	0.761101380452	0.759761871956	0.756268954418	0.752964570446	0.780983356998	0.743759221484	0.757594424002	0.709549640392	0.738078808772	0.809612659986	0.683003412076	0.746507019605	0.890499114182	0.83538024768	0.775447517875	0.762518007024	0.753455085305	0.782577742549	0.803386307057	0.797890387369	0.751556057087	0.542573514381	0.711444170645	0.781082171382	0.698348389407	0.603852605769	0.801828807248	0.733805635936	0.695760034473	0.780640421751	0.823920657874	0.750123808513	0.689656956786	0.746999028751	0.720265924178	0.721479864815	0.828978988464	0.779208396014	0.783140974117	0.775044842442	0.744468102185	0.748242264806	0.825020560937	0.777283058503	0.78631719468	0.830466217422	0.703836078157	0.737188390882	0.723357133337	0.81514165672	0.705334752708	0.717122930232	0.795441399546	0.774064660969	0.773613436717	0.782913615948	0.802733735898	0.789124966693	0.723325590608	0.785366322692	0.750160974006	0.784804215744	0.728977261721	0.743334790622	0.797020747669	0.737502808561	0.795127598035	0.83381919962	0.646739475235	0.793288690107	0.637233665196	0.698215817333	0.562017105483	0.664122371283	0.74997435594	0.762785079923	0.775931683112	0.755113262036	0.791464530554	0.770902562111	0.735826633934	0.781027652564	0.801669568087	0.705998076583	0.720807952609	0.796275641039	0.764845183519	0.670231279851	0.80932927543	0.797127565493	0.727917148676	0.72540390849	0.83714267594	0.633973519495	0.802110182416	0.786779876401	0.785350651531	0.764054610196	0.653644689543	0.784112735293	0.760990629175	0.664933551123	0.680000331394	0.738830858293	0.601537761713	0.778744401758	0.762110151693	0.782331284064	0.669384783202	0.79086761527	0.821218174794	0.779121787572	0.678695261802	0.696077820181	0.720296762643	0.715157418501	0.749500966252	0.782447498899
France.DC4	0.702787725856	0.645867382156	0.705993316757	0.0	0.692280584548	0.74181713952	0.576803905118	0.61813557711	0.749578822827	0.766144105176	0.800191316603	0.759430054186	0.763063690739	0.730162115533	0.760556165592	0.735239782586	0.73194659669	0.754347591124	0.697695908633	0.67553348062	0.740059681123	0.737051196195	0.775927280042	0.731080866849	0.78587646773	0.722764409768	0.793677346195	0.746056483751	0.760317282787	0.705786209481	0.742363336514	0.749991893606	0.703450375537	0.694844321862	0.714060937969	0.764690016056	0.714522907473	0.695450519802	0.703546070543	0.744858395342	0.737977275196	0.706227801705	0.715998908202	0.804219324688	0.821163350207	0.74359859006	0.726032164823	0.720578122891	0.750220665914	0.759727913701	0.756052115952	0.757077800294	0.694284155729	0.707606236831	0.710122533849	0.648318959672	0.683167915124	0.759295611759	0.658380460005	0.761765004766	0.755939064298	0.791477478304	0.752742352768	0.748791602676	0.751812781783	0.709037564987	0.645184430855	0.799876913138	0.723189170183	0.741481685088	0.765453216989	0.766199147407	0.715076419425	0.77587974987	0.754346945247	0.757935493662	0.799797011682	0.738950959603	0.750473927561	0.738470187894	0.7720077468	0.773790005548	0.710319981827	0.750389967259	0.714977199164	0.725785676694	0.733565930953	0.746675959541	0.741385351814	0.747613316384	0.769748483729	0.722345776659	0.756404389104	0.733792160791	0.737143687606	0.779432219071	0.681802319457	0.738964186581	0.792750841461	0.676291883682	0.736869184723	0.66768291726	0.708715721527	0.742130288543	0.673467936572	0.664215577693	0.745991485084	0.765196941843	0.730047042356	0.711226285717	0.768658548981	0.737610288241	0.737963825736	0.745928238405	0.687029097597	0.729065844486	0.763109203848	0.760718297852	0.733293929004	0.788013862903	0.737566563962	0.710451388624	0.692370105444	0.824381544984	0.644358806675	0.77224356948	0.774360846037	0.796863219457	0.738556007537	0.688259632021	0.772482392747	0.70241802957	0.679533871968	0.74477682879	0.761357923164	0.635283017009	0.72022117884	0.738885118759	0.747533560577	0.680136679273	0.747119917424	0.775025897586	0.727397465284	0.721020473028	0.7324668035	0.698987823282	0.657973243979	0.733804867585	0.751050496287
France.DC5	0.727730688754	0.693060280447	0.661275451977	0.692280584548	0.0	0.697577853016	0.696405671605	0.662396244696	0.664010262234	0.715591845622	0.777210616579	0.750366809107	0.700745089875	0.725129975132	0.734579126427	0.695257104832	0.705465357963	0.763437203145	0.730452055725	0.631220274305	0.677765818886	0.731169995148	0.742195301799	0.704547710371	0.739329872005	0.735642083373	0.760445860828	0.749509936725	0.767614818718	0.724576325273	0.714972481274	0.685044589539	0.711109485575	0.695771542472	0.718022959119	0.724724935415	0.689841441357	0.706173741567	0.661092061317	0.68153374048	0.730925315529	0.655764711726	0.702639376936	0.825448464227	0.770927785197	0.724395292007	0.743531973919	0.698837608123	0.745742920789	0.725098809884	0.739241455416	0.704320089567	0.664719523873	0.656522315536	0.70910074944	0.69028752811	0.69322421567	0.747167369771	0.636434509763	0.680668283467	0.721798120731	0.779787730856	0.718524340729	0.691599294294	0.740906432961	0.714379554533	0.690312582109	0.786735881854	0.721903066426	0.744404935062	0.769292562146	0.744888986994	0.693658156104	0.761526615716	0.706185178988	0.738275397975	0.774483829111	0.693628683945	0.723699458548	0.739709332662	0.737836220517	0.698127195869	0.669480164533	0.735322265727	0.70580908112	0.705283099873	0.724048554212	0.755590893466	0.717680685777	0.70925411437	0.741534566961	0.741850175365	0.744565989656	0.738623181519	0.724461729762	0.765643759726	0.72354092451	0.710689374457	0.780827742864	0.623513236223	0.715852322631	0.649974260377	0.664773196345	0.647987314268	0.719756746351	0.679452568166	0.720907396803	0.729891211448	0.712224846252	0.709051491714	0.741211472913	0.747228508004	0.722475684829	0.702331190937	0.678692125575	0.646574605459	0.738852718717	0.687959733599	0.65402456988	0.755883118847	0.748847831739	0.701511457951	0.676924285814	0.765210648967	0.67053223818	0.768468230252	0.751712488765	0.78350691602	0.757182470858	0.658074108447	0.72251210632	0.688282187143	0.680691288391	0.728755972771	0.741220696568	0.612041395159	0.71274404361	0.729597385978	0.735010100771	0.671177608541	0.744582856462	0.732326084247	0.703800615369	0.658999064516	0.696831281736	0.698795351253	0.729237980685	0.732638379531	0.760095752718
Nor.C16	0.702472460374	0.720829007036	0.764179320798	0.74181713952	0.697577853016	0.0	0.753101985469	0.680670831104	0.690123528075	0.700655331068	0.719029898239	0.683363427363	0.659106605563	0.661314898095	0.679173324662	0.680217541827	0.677335747154	0.696006465396	0.770232721892	0.639273865997	0.699421359176	0.695539257397	0.710673628476	0.644143328393	0.697099965882	0.684873897879	0.690534649689	0.73217618766	0.706313297155	0.625985887187	0.679898774108	0.63077553808	0.620356371282	0.686064565111	0.669247536759	0.722531621609	0.660340342929	0.62760819986	0.638638136767	0.672690581585	0.722053078656	0.600851384099	0.676092055502	0.844075689497	0.72128308236	0.710944924395	0.667424274845	0.682425479331	0.698386374705	0.696263116849	0.649847270563	0.67776472204	0.741342173023	0.629405104034	0.678600637268	0.68802923262	0.733928768651	0.728294315746	0.646059821344	0.67877775657	0.672474534184	0.72193538163	0.696267165954	0.631111409191	0.711382319119	0.635280608932	0.674584140314	0.731206340937	0.623557954087	0.727671835593	0.720808326059	0.713767433759	0.64782718453	0.763524167648	0.660706659577	0.7033920486	0.717977169456	0.666361832442	0.683959741317	0.693875176206	0.71078200228	0.694865042029	0.595524146503	0.698876429213	0.696249722978	0.701090698486	0.72861762085	0.717595495934	0.683546702248	0.683163780694	0.645298496079	0.711592980424	0.640293176444	0.6641704474	0.696740399734	0.751671337535	0.71653571218	0.708257170708	0.707929231265	0.682790979299	0.656688572915	0.723990751101	0.664337278369	0.732762867472	0.678024296654	0.67348015698	0.606421993436	0.701752054204	0.67990095869	0.677330014831	0.655507134524	0.719523259509	0.657639362693	0.62247053929	0.702510821657	0.627153846093	0.696456462505	0.695101641494	0.701690605002	0.711330410492	0.720472350918	0.676397911367	0.613380829682	0.743297556033	0.685462952563	0.702397249079	0.715649719668	0.740061036806	0.667191279575	0.648860600014	0.687865945724	0.669874491227	0.726637162751	0.670732595344	0.705234447951	0.73210342767	0.657992472625	0.659228320228	0.741539473713	0.697276242384	0.702021880772	0.702680577429	0.675545021577	0.674007804408	0.655030511567	0.659470481131	0.737566508893	0.6686953898	0.708840477705
France.DC7	0.688193591498	0.63427159317	0.664256085096	0.576803905118	0.696405671605	0.753101985469	0.0	0.631713394325	0.720024240276	0.764171250287	0.801889752701	0.779998134731	0.759164372152	0.695353920783	0.767417416792	0.771444183855	0.750812308417	0.777572138456	0.724035241106	0.689975518893	0.748683003485	0.737044047473	0.750188761625	0.739668717739	0.778152779128	0.771951212382	0.772507107508	0.789918961425	0.771901997568	0.727599412767	0.725138677906	0.717109633325	0.735554986826	0.718355586015	0.735867665587	0.739435532206	0.731663184954	0.695631363481	0.687306002913	0.757040058494	0.743975846315	0.705583163012	0.694300021084	0.830825869349	0.819466159493	0.773956155277	0.751286467724	0.738774360205	0.796838720947	0.786301946039	0.772031113312	0.757548064178	0.684492514015	0.735825710842	0.702138170562	0.641692401168	0.651440663271	0.782806569376	0.693590455893	0.741925573058	0.763796048176	0.799008263674	0.736557722931	0.765331645415	0.711177489286	0.743321820573	0.650039035135	0.805020156752	0.719611310615	0.729874150966	0.773415380526	0.764511188965	0.737892355919	0.801273652924	0.740716664857	0.764262242998	0.823117103178	0.724779021139	0.753050649241	0.693982279733	0.780677716315	0.747862113991	0.723817683793	0.768314773715	0.740152019371	0.740173358541	0.725766519271	0.787007658528	0.754950219432	0.750629088201	0.78260827416	0.769154290115	0.787124873881	0.775311475849	0.770948708049	0.791867284473	0.640403049938	0.760254510069	0.815509799348	0.582664870245	0.771107744905	0.622874371293	0.720429156217	0.745287235507	0.686488381882	0.682879852456	0.765834809561	0.780260908744	0.726798306761	0.73526392978	0.761176594663	0.772855105793	0.775571621923	0.752160724279	0.724987661384	0.732065226782	0.768054547809	0.741462690881	0.697953014572	0.781236827826	0.740581852985	0.681122546042	0.709068225063	0.811824901387	0.607260573257	0.801205148675	0.785819786081	0.805754076011	0.76348424387	0.660028350336	0.773891372727	0.712064590909	0.660752765539	0.731939673988	0.756560673503	0.592703811982	0.759995330061	0.724460050328	0.755882428943	0.665381456207	0.762041176271	0.775916488091	0.750657895344	0.742753328553	0.714659145525	0.709270131853	0.670895336401	0.747962997693	0.753152239078
Nor.C10	0.691997749285	0.643324663647	0.632036837761	0.61813557711	0.662396244696	0.680670831104	0.631713394325	0.0	0.720345451982	0.721197037334	0.802328642058	0.774335035446	0.761119601985	0.707506499994	0.767591937765	0.746754643957	0.764845745247	0.767488437595	0.599255908984	0.614432384065	0.739944165342	0.75144050763	0.767688450131	0.708075864168	0.790570858172	0.760584002458	0.809122265656	0.789763280394	0.775497836249	0.681525229871	0.732894798973	0.674213412768	0.697166298221	0.657767719583	0.691379247072	0.751303501335	0.67102805435	0.66713710862	0.631224171195	0.748614873764	0.761229550695	0.684830758871	0.681549883421	0.831310645327	0.838119340654	0.790522486981	0.721241249876	0.72285502893	0.773816233703	0.739600594751	0.764054845242	0.761661313151	0.611376315113	0.698911855889	0.708880747709	0.636244504942	0.640164734813	0.795474212878	0.69159673459	0.751838567244	0.755881508804	0.813756727867	0.746544576285	0.710698079246	0.75258649328	0.717908916436	0.677732886273	0.822996390972	0.719219677759	0.742283523322	0.788694327533	0.768668796224	0.674506334581	0.816910218162	0.730162433148	0.723822678613	0.821527310596	0.715451783412	0.738432387189	0.736732584701	0.781801975902	0.717046433871	0.679546940095	0.777516911921	0.678352176097	0.748822497043	0.762374829252	0.752363724287	0.734363727812	0.766983727711	0.777227108489	0.72320556575	0.778495383397	0.771210510294	0.765725356104	0.794289114361	0.650180183279	0.65609053633	0.812580917613	0.588930056957	0.765595137181	0.522352628397	0.727445821275	0.653140955779	0.668882138374	0.609823044408	0.72593510005	0.779206975299	0.746711591788	0.701601178728	0.784906144823	0.773348227382	0.768093652885	0.704755609781	0.610396277079	0.606284879548	0.788902209952	0.745662458113	0.66966626815	0.819066136765	0.777482442297	0.648403884983	0.701745074393	0.83961558407	0.606027395639	0.813122810465	0.799667179173	0.814975608359	0.74713512025	0.646844470815	0.740466653421	0.70485033883	0.557049544454	0.714796646845	0.781049015632	0.565207950828	0.739439032401	0.739131555933	0.788122459409	0.676618514472	0.775810199513	0.767692195937	0.754598830045	0.681086912249	0.666195596243	0.709992399105	0.643439940991	0.762419957524	0.788605422411
France.DC1	0.716700516355	0.717748151557	0.729633258589	0.749578822827	0.664010262234	0.690123528075	0.720024240276	0.720345451982	0.0	0.656363015798	0.68818800783	0.679061272141	0.674884130363	0.657541944805	0.643110246515	0.656137247886	0.681821887227	0.702850568448	0.798516831819	0.638883363611	0.646735641857	0.676421058422	0.64287581297	0.622058943926	0.662035132049	0.671295279538	0.636177917521	0.724954512394	0.689233214765	0.712038280939	0.621143269564	0.619263161332	0.646588440699	0.676239368739	0.67802059887	0.638020263259	0.635417769878	0.670959008895	0.597711361079	0.669176052164	0.715174355405	0.709758128413	0.674621052551	0.825361106179	0.67830781675	0.710108017937	0.680406336332	0.704862436047	0.682264438729	0.66307967562	0.671622952426	0.692557098588	0.716917598829	0.672499257337	0.697343412718	0.686004131386	0.698366455306	0.680577634287	0.646098872898	0.612508048721	0.629963243826	0.699936552061	0.662526621657	0.71815657991	0.661287944457	0.664720113502	0.666241455546	0.689842140125	0.651077716731	0.68622107198	0.672276201396	0.701026800542	0.6891978648	0.759180646236	0.641857374417	0.699518808155	0.674898900357	0.721769886439	0.662223142557	0.658674162711	0.649319485508	0.70896451203	0.663254881268	0.656495435051	0.662237569054	0.672216102844	0.655571962845	0.72195112273	0.660431906624	0.685589187641	0.652092408584	0.721964022517	0.652163440519	0.686497298127	0.695864257093	0.707122700135	0.70425075011	0.718355284006	0.713371149059	0.655547830872	0.662870423348	0.680384178356	0.683875575891	0.689058779093	0.711774570714	0.671388807629	0.688229347333	0.683957732949	0.689093136378	0.695110196926	0.683127824242	0.785112935114	0.726291731159	0.641452002012	0.675952566335	0.684996476871	0.67517086568	0.642964223138	0.667882677831	0.68393424556	0.704701964277	0.687763406103	0.681727433254	0.692781509414	0.697000249505	0.68845346996	0.689198941046	0.7019197711	0.683737478401	0.653914195393	0.671099313252	0.626157776297	0.695257177002	0.642483927368	0.699107047112	0.717723329035	0.672168562564	0.665812609406	0.69583349855	0.613932497684	0.671201368462	0.649560802201	0.665861633944	0.673334296017	0.705129944108	0.639828912326	0.704834600051	0.690215407449	0.688666426047
France.DC2	0.766338586041	0.748209621589	0.803173471982	0.766144105176	0.715591845622	0.700655331068	0.764171250287	0.721197037334	0.656363015798	0.0	0.679442474501	0.69768216581	0.724921181408	0.697442014978	0.639750121032	0.701767389161	0.722556395223	0.684600812517	0.803263385498	0.67862755632	0.727365551603	0.708133886962	0.643351962446	0.685584520735	0.657716617641	0.673533203211	0.69628696951	0.690359360439	0.699069533477	0.72632408364	0.66852690093	0.650895022032	0.631572519399	0.662926777227	0.665315003972	0.691765054538	0.650540920821	0.721013856684	0.683827386152	0.733120519839	0.725467830615	0.727066439645	0.684394023692	0.8401389295	0.716035687673	0.738208305948	0.730248818683	0.745670997477	0.668689593293	0.576841203738	0.688855284134	0.758266009306	0.76057902782	0.709734196884	0.711973408796	0.739738767393	0.783463969801	0.695723641744	0.720945339936	0.693426599422	0.674226644312	0.669258960945	0.690898602754	0.742911368906	0.692886449157	0.715623493156	0.698836845963	0.665748307473	0.691849700301	0.659110137852	0.650059617119	0.708456455726	0.70010041625	0.755835237373	0.651966099123	0.687611126577	0.64022965881	0.762140362995	0.712247690885	0.710700322841	0.671701626846	0.708654508763	0.687801040549	0.665074190542	0.654563359382	0.687689334607	0.681798439059	0.704023166525	0.673953148665	0.69605183077	0.665350217491	0.722166417424	0.679679129672	0.70623144897	0.716165803762	0.699781885665	0.720373539793	0.691850938263	0.681446141015	0.719687970365	0.679826841022	0.725633359864	0.742053954455	0.762443515718	0.753029767314	0.659316124305	0.709757979828	0.671110062555	0.72765731782	0.71034466466	0.699916323751	0.810669867069	0.747066351781	0.655765069174	0.664363335434	0.671879116435	0.680854650372	0.696120760381	0.69705424604	0.66141504347	0.733434408819	0.71508249501	0.7346605363	0.696992398592	0.721237431245	0.721303869604	0.69455981606	0.68318628139	0.707438786848	0.744096330768	0.676406068095	0.67678294158	0.708657645282	0.702156793921	0.753918073719	0.776409144151	0.703109620799	0.687105611717	0.713939126599	0.673774572005	0.678731186506	0.60650173155	0.663756868185	0.718333125693	0.748067880666	0.635852987218	0.729454235754	0.704489492269	0.716403567633
Finland.HC.19	0.718077441426	0.808327394801	0.807331096087	0.800191316603	0.777210616579	0.719029898239	0.801889752701	0.802328642058	0.68818800783	0.679442474501	0.0	0.522552463577	0.601725684353	0.627431560935	0.50446913719	0.602755368817	0.651201252137	0.58427127293	0.847226231964	0.734055288755	0.706182114904	0.551409506449	0.562395944556	0.600476640673	0.579470379021	0.60681765957	0.673782384487	0.539670695029	0.553765837557	0.676443026664	0.606362752674	0.63179396431	0.679539115642	0.708694141536	0.630596707245	0.649364492827	0.596911532169	0.702008271273	0.739445684364	0.741113275306	0.664731814463	0.766372143452	0.631951819629	0.873873158475	0.515183398469	0.666313941502	0.636579477616	0.663964243453	0.570804969729	0.528551676072	0.655266998656	0.660446834906	0.817132401077	0.752776371185	0.726045573771	0.78690391857	0.833260597289	0.550366975805	0.742290178126	0.657765195997	0.537755084137	0.572962610641	0.582013741375	0.666473426723	0.602490521441	0.729599270327	0.720010099618	0.506736200172	0.674482330039	0.578984404116	0.559167162291	0.573263409119	0.69993163698	0.688745806438	0.559337645531	0.619972980317	0.571493003211	0.701968645739	0.603014874455	0.67167421286	0.524557902079	0.681497460505	0.702307301858	0.595626008558	0.595451807196	0.610111980149	0.613006498379	0.595105271072	0.624862995483	0.56721629268	0.46848148136	0.657121687116	0.514130431426	0.585760722485	0.63312311259	0.54200505799	0.804281527103	0.724756744895	0.513417200304	0.812246131018	0.607122025297	0.804518175826	0.681747000583	0.780603091738	0.695992094365	0.746929627058	0.621317220403	0.530300877609	0.664484433501	0.766130607925	0.61607315436	0.763727987559	0.686118759516	0.631588816683	0.698676152793	0.726504002143	0.584264808571	0.613784057484	0.7198966715	0.533813711269	0.700228623453	0.677417096284	0.684719325804	0.529270145734	0.753205861949	0.554021245483	0.563950682389	0.507136817504	0.618164432064	0.773662656205	0.607070467905	0.719525096292	0.77489407999	0.720434241242	0.654766743499	0.798514117501	0.601041690845	0.613458411438	0.610709897875	0.680261122643	0.512054523934	0.576871699047	0.550493643572	0.693504749949	0.762874651124	0.605448777696	0.763206670852	0.582678732189	0.649753768137
Finland.HC.15	0.676269507906	0.771152269335	0.783755366343	0.759430054186	0.750366809107	0.683363427363	0.779998134731	0.774335035446	0.679061272141	0.69768216581	0.522552463577	0.0	0.579176375774	0.572484618951	0.543170335506	0.565075815788	0.584768789531	0.556455946934	0.83604135349	0.669446433673	0.695986556343	0.56042877032	0.567105574088	0.564835568483	0.574805949778	0.576309934209	0.686759780898	0.552253422828	0.552981874656	0.623593465742	0.590839822037	0.568264701072	0.647421648429	0.654454616548	0.595342160678	0.65347603355	0.569737177357	0.631046356427	0.714647828809	0.704385268191	0.65405652444	0.737239424236	0.613705206902	0.838624565989	0.570087480233	0.608026922117	0.556906615742	0.651111709426	0.549571999628	0.580769906838	0.610827479767	0.644788542504	0.795152599253	0.707048078692	0.644422247346	0.757137010482	0.816280627525	0.578753876995	0.703354071798	0.636598788786	0.561958104996	0.617573637723	0.559430610608	0.643971705314	0.593299518984	0.69505016044	0.671587818857	0.558179980229	0.625098471852	0.562440802053	0.598146595216	0.588425731596	0.66236659163	0.670712510977	0.545903982857	0.631107256432	0.608736744703	0.668213592007	0.573615889523	0.681438596222	0.545647626903	0.669040141391	0.676006910733	0.584551115877	0.556399204427	0.561772856403	0.578381837876	0.584309101273	0.636070608541	0.570907300867	0.522905771597	0.643517766936	0.547664043516	0.56246050519	0.621730026248	0.601250477749	0.748157724362	0.710665702537	0.547054438267	0.773982954647	0.635279447734	0.769887572078	0.613639931772	0.784145748573	0.653645978561	0.701732254383	0.542516948734	0.499039012484	0.610909459379	0.730900829297	0.599390963178	0.725213431045	0.640048647989	0.618522519325	0.691191566015	0.697846979005	0.547246487813	0.635055637467	0.730097190946	0.574943404256	0.664138664357	0.655571126472	0.674781931007	0.598719400385	0.716473550164	0.535813891017	0.54746276875	0.577115224741	0.605089753773	0.751135538155	0.609236869162	0.70306627878	0.750694430124	0.705493729627	0.674157469409	0.783115802393	0.565210261561	0.549780058748	0.573437015464	0.661515779131	0.493847630118	0.59047087257	0.567345018511	0.64625278638	0.714324057923	0.580084225218	0.741391735294	0.565821768818	0.61807723723
Finland.HC.14	0.672685019783	0.726953085366	0.700850014829	0.763063690739	0.700745089875	0.659106605563	0.759164372152	0.761119601985	0.674884130363	0.724921181408	0.601725684353	0.579176375774	0.0	0.620199643769	0.595881304558	0.563948110858	0.602284700478	0.644065967573	0.825129945938	0.632050364632	0.660971680814	0.5770348889	0.63038902384	0.602418941323	0.644752640764	0.608314008627	0.626046590159	0.589966977131	0.604424579181	0.641679799296	0.644330252449	0.565980742575	0.676625341119	0.689802100758	0.602646959016	0.641156528935	0.605145451003	0.666788285564	0.710337156997	0.661118677104	0.673274618123	0.676950120738	0.652058963862	0.868712611457	0.607534545602	0.623431775341	0.602139805619	0.641075296393	0.572510935361	0.641701403237	0.698540731743	0.602536018483	0.735195946966	0.683451287255	0.665769776919	0.751384869054	0.723091411346	0.617709397054	0.698548900867	0.608257964769	0.60574461785	0.654087615628	0.590633960322	0.575965997839	0.561771161984	0.701568443287	0.641150528558	0.620059240268	0.674182902595	0.609134521211	0.626535162024	0.554067135979	0.627667411547	0.694880064462	0.62971321868	0.62967140954	0.693323208717	0.615380324401	0.580188102268	0.670212358677	0.626378474755	0.631321975701	0.628824433875	0.654202070482	0.635030988773	0.611989742701	0.61023007949	0.635200562046	0.675470892075	0.50022188059	0.596579103877	0.601733121195	0.566284011013	0.592878635671	0.567398282391	0.642789380656	0.757065884794	0.731554641894	0.61179332819	0.720384300116	0.627553116401	0.73852545885	0.619608055571	0.695612364667	0.643284016252	0.731411535366	0.594886349208	0.564436502465	0.651743250044	0.762184263602	0.587500707287	0.641464117178	0.665539530677	0.674344114701	0.6759637719	0.647220645905	0.620730860468	0.662426074002	0.686710876394	0.588562890039	0.673399093105	0.629700105311	0.660952067879	0.64145746575	0.663542469444	0.593667673068	0.586790993729	0.646430534178	0.642761053412	0.71143745669	0.629542740968	0.670600989009	0.755655792917	0.664856122921	0.651922309046	0.733552518445	0.599260466166	0.604685782211	0.601778080858	0.641773588739	0.582960380175	0.639626442154	0.622016679983	0.612384948328	0.703808617772	0.627490238335	0.753754156186	0.529802838447	0.649647039818
Finland.HC.13	0.670265965879	0.739951443792	0.761399404744	0.730162115533	0.725129975132	0.661314898095	0.695353920783	0.707506499994	0.657541944805	0.697442014978	0.627431560935	0.572484618951	0.620199643769	0.0	0.579957194984	0.544256471084	0.590653247857	0.60371498648	0.799533453287	0.605931173434	0.673882574046	0.632742226451	0.608888089325	0.541396185065	0.614558528597	0.612880469092	0.68058616369	0.60812453549	0.573302480207	0.613462972007	0.575863479576	0.517714929156	0.60741569867	0.60601270436	0.545584282493	0.64192814522	0.596885284725	0.53984370143	0.663129234556	0.67187570362	0.633528696446	0.694044443229	0.554799633454	0.827837289658	0.645815783498	0.604223451367	0.519086591859	0.591125156377	0.606101821623	0.647893998087	0.633039958114	0.611906505261	0.755010566126	0.677480217376	0.609394663063	0.725033469535	0.775844603066	0.605165711895	0.648303345739	0.67382151056	0.610701343491	0.676577162171	0.620112390509	0.622806002377	0.581001169251	0.686417660687	0.646623059703	0.661076748287	0.563567595969	0.604283007065	0.628065583135	0.640670974917	0.635649050571	0.693423024742	0.593431145832	0.611574650295	0.694341803759	0.633861220798	0.590000957091	0.693302476942	0.628644758929	0.664604635581	0.644678150499	0.604471426967	0.563019758767	0.604798019845	0.625035275232	0.592785655981	0.597946098956	0.602922790025	0.634985343257	0.552584605282	0.614208442518	0.606042609113	0.655529705356	0.685678454964	0.669843247799	0.682598012143	0.643396486995	0.687999899594	0.627081475376	0.713856091215	0.595108426427	0.744649178091	0.591523074095	0.63659995565	0.568363387438	0.59473709449	0.596121700882	0.646977212777	0.609673999913	0.736321644503	0.650351105093	0.62913280355	0.656802301403	0.656423219999	0.605748237724	0.670541815237	0.704711346179	0.626057854295	0.627005751614	0.598950105693	0.664405767008	0.676292149111	0.621586511834	0.656768227337	0.626190816484	0.659408298801	0.564571343276	0.698898267221	0.657187151016	0.632225771297	0.721766129082	0.695759176354	0.665065250637	0.72397297398	0.592110682842	0.510471352434	0.622311134963	0.64579908289	0.585442863499	0.669741404931	0.587890290082	0.618342700512	0.6459063872	0.58274772087	0.712480489759	0.596496653954	0.588751672634
Finland.HC.12	0.70980404459	0.768614654665	0.797014427819	0.760556165592	0.734579126427	0.679173324662	0.767417416792	0.767591937765	0.643110246515	0.639750121032	0.50446913719	0.543170335506	0.595881304558	0.579957194984	0.0	0.57490205583	0.59163566843	0.552970929838	0.829309127355	0.693743079475	0.681364007987	0.561415171155	0.519698101435	0.543398079517	0.538818252015	0.579626901277	0.621476681905	0.553348782956	0.549902117305	0.639885648085	0.569623084576	0.548310843914	0.61454187648	0.657053338158	0.604230611223	0.595822264076	0.56953787335	0.670317684828	0.696331098621	0.680843949608	0.655771882529	0.748890291872	0.628560412992	0.84050070437	0.559337109452	0.628964939916	0.623563067728	0.622212470399	0.55599278305	0.548643112881	0.612198291318	0.638769277999	0.775529479151	0.70313983335	0.653118680607	0.710110657684	0.785301250907	0.572469489646	0.688059575029	0.629512436863	0.56562826887	0.542162409057	0.557703150902	0.635493275718	0.592048394033	0.701534785716	0.639586034284	0.564930045647	0.614448823419	0.553990090696	0.561370058332	0.551105862039	0.639353188554	0.64727996083	0.53278154213	0.583267526359	0.595449047331	0.666111113218	0.546618541885	0.679521061021	0.579573280834	0.652688063787	0.641348637261	0.538591191943	0.566862470265	0.561558830423	0.565352113846	0.584420028549	0.568787391375	0.575485760155	0.546125206592	0.655431304096	0.542895829887	0.621700790267	0.615258967603	0.582814134117	0.744693285784	0.713163066395	0.561211098395	0.729544217494	0.566528386033	0.731742555158	0.637225276819	0.772256017752	0.680976817672	0.680582706385	0.584612833947	0.515605539169	0.64891954466	0.73046173093	0.53674847175	0.735475778717	0.642952187389	0.616558230941	0.655142702466	0.668806444297	0.501545319084	0.647217701225	0.69095749901	0.530811223394	0.642246216013	0.640076651214	0.662655136975	0.572317357521	0.699444922762	0.612754426687	0.555816862877	0.566722827462	0.601609720285	0.738608911087	0.61093220937	0.657228416212	0.734386607002	0.668261054672	0.631510969189	0.758748585851	0.571957631709	0.566178228686	0.584857173872	0.636997786516	0.488846276633	0.548484809808	0.516345281766	0.652893959218	0.718720561066	0.562565381741	0.714948905643	0.558947697687	0.616166313737
Finland.HC.11	0.69570016726	0.736792840188	0.756615300207	0.735239782586	0.695257104832	0.680217541827	0.771444183855	0.746754643957	0.656137247886	0.701767389161	0.602755368817	0.565075815788	0.563948110858	0.544256471084	0.57490205583	0.0	0.524638475404	0.616401851616	0.806634704126	0.594429534741	0.665325422517	0.595369054174	0.603495165443	0.576772405304	0.629026309372	0.622532380584	0.650269284447	0.561272487223	0.538984307289	0.638825844394	0.586364145479	0.581873806037	0.63624280281	0.637971490721	0.583327061672	0.667164188355	0.598267389796	0.60972243402	0.694675597157	0.659743653039	0.672176445537	0.700389464989	0.619476917721	0.836987051081	0.622506105591	0.589577618755	0.582612895102	0.576951057824	0.571282256086	0.63044629674	0.639424477117	0.631035755432	0.751923887376	0.664363366649	0.625657796402	0.749392020236	0.775146119189	0.582248350518	0.653039503387	0.623298269191	0.592776249901	0.645164789833	0.596329891847	0.628133810453	0.587270452548	0.669503512705	0.660213707286	0.616267785053	0.645269511263	0.609994171245	0.607588840402	0.627922488253	0.62570018005	0.678783541848	0.600663773013	0.644926246236	0.690547329823	0.626634589434	0.569851638232	0.690894452112	0.636800651101	0.647633037294	0.661438092724	0.58921102544	0.572102777055	0.594679196119	0.614065104988	0.613811262556	0.656548734288	0.577256834931	0.605161307344	0.569776019108	0.555059136152	0.559557466651	0.638418333372	0.668002024847	0.744978509981	0.657515032663	0.601992578275	0.72142112483	0.630492402323	0.739782995461	0.561584718839	0.719992385555	0.635160016936	0.645056443163	0.571580956494	0.546068674296	0.617001825376	0.672682801153	0.626382602877	0.710763050717	0.622923234791	0.616341372112	0.616904379978	0.660919807802	0.570784071139	0.686617399635	0.709180054747	0.605673989324	0.628593753521	0.672267844736	0.674138781039	0.631243346571	0.700516209294	0.596309760931	0.610113563137	0.645415787483	0.591717997398	0.73082471217	0.642524657297	0.666936683839	0.719774800355	0.681167879573	0.660396769066	0.736009283686	0.526639925569	0.577878827868	0.591057359577	0.636627885337	0.586257459285	0.631424320837	0.576795466369	0.6209474215	0.679867097605	0.580472682461	0.719036982279	0.567439337771	0.579856507566
Finland.HC.10	0.712985957446	0.723295776421	0.79542926722	0.73194659669	0.705465357963	0.677335747154	0.750812308417	0.764845745247	0.681821887227	0.722556395223	0.651201252137	0.584768789531	0.602284700478	0.590653247857	0.59163566843	0.524638475404	0.0	0.65265078047	0.817413916112	0.631867008461	0.685829906281	0.646826011643	0.606841215606	0.596058947014	0.652089529765	0.610430165055	0.68027815906	0.593773115104	0.596535259868	0.61404769108	0.662731429588	0.5983997034	0.612007908272	0.637377110613	0.623410536862	0.687851827258	0.628547103583	0.607870316519	0.70442050889	0.620619564999	0.646905211614	0.710352566056	0.668225134141	0.802991813258	0.652520021227	0.643431578268	0.63648737818	0.598270536063	0.617505568996	0.658926168535	0.609895059686	0.64796423477	0.77267134598	0.632554442142	0.594325869595	0.729233242413	0.791014303502	0.622703723644	0.6514212897	0.660508227097	0.628138629045	0.677377188602	0.620243323838	0.639888504958	0.609358633306	0.637219532666	0.650370961199	0.648888722683	0.643726410996	0.640182264774	0.63121257382	0.629694838176	0.64321712175	0.67291025445	0.627021146754	0.664278402286	0.705010639102	0.633924038191	0.609765066981	0.689092901869	0.644885253382	0.667275654171	0.631212250826	0.628796948413	0.60055770638	0.616396996394	0.606030366344	0.647035844722	0.680273109879	0.646852995471	0.622360925404	0.605019258895	0.57749754666	0.610252023968	0.640559928444	0.710708383605	0.683720136344	0.644401675029	0.654032569533	0.71166036235	0.603024750589	0.729510194433	0.587906103076	0.778143917755	0.631215878422	0.661477749359	0.603712917312	0.620009289634	0.65310608876	0.668785542015	0.609459693538	0.711298510041	0.590703564144	0.586736057678	0.643495504952	0.642948484597	0.600351079357	0.708075987383	0.735559924616	0.632795452411	0.610270353429	0.672324091926	0.67334152774	0.633148886663	0.701019568462	0.657740961335	0.634254043553	0.687319867836	0.59033048543	0.744660753939	0.673773597663	0.673974128223	0.73346397946	0.678854384402	0.68220607519	0.726775200679	0.568666750046	0.578179466165	0.650654941219	0.642047789843	0.627662109802	0.658202290492	0.629042828098	0.667013966298	0.712969360339	0.595365899317	0.735313365479	0.592655044206	0.585791501516
